100 200 0 0 0 0 0 0 0 0 0 0 0 0
100 200 300 0 0 0 0 0 0 0 0 0 0 0
100 200 300 400 500 0 0 0 0 0 0 0 0 0
100 200 300 400 500 600 0 0 0 0 0 0 0 0
100 150 200 300 400 500 600 0 0 0 0 0 0 0
100 150 200 250 300 400 500 600 0 0 0 0 0 0
100 150 200 250 300 350 400 500 600 0 0 0 0 0
100 150 200 250 300 350 400 450 500 600 0 0 0 0
100 150 200 250 300 350 400 450 500 550 600 0 0 0
100 150 200 250 300 350 400 450 500 550 600 650 0 0
100 150 200 250 300 350 400 450 500 550 600 650 690 0
100 150 200 250 300 350 400 450 500 550 600 630 670 690